2.70442
0.647548
-0.148261
-0.664154
-1.64644
-2.52994
-1.53917
1.68208
2.65587
2.76986
0.892124
-0.186607
-0.772697
-1.71474
-2.15696
-0.987794
2.36682
2.67779
0.639747
1.70493
0.793102
-0.248554
-1.54006
-2.42174
-2.09393
-1.32401
-0.116124
2.51661
2.13493
0.560992
-0.534416
-1.81674
-2.78932
-2.03335
-0.800845
0.547929
2.07903
0.725936
-0.356454
-0.836769
-2.18204
-2.09639
-1.2083
1.32188
1.74271
1.96686
1.44499
-0.0602071
-0.618768
-1.56888
-1.26248
-0.347615
1.60514
1.75796
1.56558
1.30065
-0.102359
-0.874849
-2.32473
-2.38784
-1.75581
-1.28582
-0.00579209
1.5989
1.12648
0.0497769
-0.504289
-1.80154
-1.65001
-1.64015
-1.04995
0.47903
1.82002
0.808873
-0.132884
-0.447741
-1.04301
-1.35602
0.0290306
1.35839
1.79503
1.74057
1.04572
-0.0719388
-0.250685
-1.70122
-1.9333
-0.298991
1.31928
1.8304
0.928729
0.0704029
-0.289093
-0.301969
-0.907462
-1.16082
-1.12607
-0.47573
0.582322
1.58795
0.785075
-0.0900917
-0.0485779
-0.847044
-1.50784
-0.277219
0.655885
1.67228
2.24607
1.06043
0.0158201
-0.329507
-1.39749
-1.44387
0.523009
1.67806
2.28982
1.84576
-0.491257
-1.10581
-1.45199
-2.2562
-1.74488
0.685398
1.56564
2.07091
2.32798
1.28832
0.127587
-0.171019
-1.14569
-1.26391
0.318075
1.38107
2.36761
2.03211
0.115678
-0.932056
-1.25546
-1.8197
-2.15908
-0.488915
0.575264
1.88758
1.45456
-0.682191
-1.11658
-1.44972
-1.51371
-1.14375
0.976108
1.71992
2.00083
0.644188
-1.13977
-1.50642
-1.45635
-1.53373
-0.987555
0.414137
1.06488
1.42554
1.65192
-0.372043
-0.991611
-1.48263
-1.41897
-1.53307
0.0993308
1.23415
1.73271
0.997846
-1.47057
-1.67683
-1.87258
-1.92591
-1.39508
0.89362
1.63942
1.5033
0.268212
-1.00574
-1.17256
-1.40783
-1.55054
-1.028
0.16538
0.607269
0.940869
-0.252033
-0.906065
-1.19188
-1.25549
-1.53975
-1.20322
-0.477933
-0.090763
0.0686721
1.25381
-1.64572
-1.97998
-1.69881
-1.45577
-0.828654
1.7534
2.13183
1.72615
1.31364
-1.21319
-1.71657
-1.64798
-1.25739
-0.882789
1.86768
2.10698
1.80965
-0.000258897
-0.692602
-0.802075
-0.556767
-0.918957
-0.756717
-0.379342
-0.0646368
0.0528078
-0.542698
-0.999513
-1.12052
-0.50167
-0.795668
-0.537959
-0.349289
-0.178576
-0.338674
1.85193
-0.861466
-1.68356
-1.22198
-1.03975
-0.673469
2.07819
2.41013
2.26702
1.30504
-0.209875
-0.886213
-1.20017
-1.20111
-0.980606
0.876326
1.86187
1.78165
0.295693
1.9276
2.17414
1.73516
-0.28709
-1.37891
-2.00914
-1.24754
-0.430635
1.66467
2.26013
2.1922
1.46605
-0.51504
-2.06661
-1.94077
-1.28408
-0.115024
-0.523426
0.268029
1.9762
1.86699
0.74899
-1.18916
-1.99546
-1.21854
-0.692849
-0.108175
0.996688
2.04384
1.39779
0.0353331
-1.84379
-1.95725
-1.75595
-0.386082
0.75193
1.34706
1.30407
0.785763
-0.685545
-1.07982
-1.63484
-1.11809
-0.351345
0.544012
1.08601
1.58535
1.34178
0.746062
0.708904
-1.2254
-0.876028
-0.212107
-0.620391
-0.378132
1.35414
1.3726
0.361113
-0.00463145
-1.28733
-1.71901
-0.697266
-1.16768
-0.876257
0.223032
1.48535
1.17594
0.886669
-0.649496
-1.5677
-0.996476
0.0735483
0.248315
0.575886
0.890122
0.774532
0.161476
-0.922412
-0.597375
0.0463261
0.884819
0.257171
0.198407
0.831635
0.860907
0.444792
0.676311
0.917094
1.30101
-1.25227
-1.01787
-0.352558
1.22481
0.691422
0.693978
-0.892403
-1.36274
-0.879183
-0.666258
-0.356227
0.160209
1.3829
0.905714
0.571105
-0.185355
-0.179536
-0.434929
1.63379
0.61519
0.228799
0.486679
0.137962
-0.00563356
0.742602
1.18036
1.80901
1.31498
0.0934243
-0.104478
-0.0937957
-0.542345
-1.19559
-0.777528
-0.108519
1.04957
-0.125269
-0.0649921
0.810115
1.49364
0.617736
0.306666
0.166984
0.211072
0.215944
-0.312779
-0.278247
0.1932
0.868726
0.293675
-0.147244
-0.759426
-0.268714
-0.194901
1.14197
0.223056
0.186437
-0.135128
-0.164896
-0.709034
-0.18219
0.746294
1.06807
0.86535
-0.542611
-0.883912
-0.948443
-1.04774
-0.624746
0.856637
1.39556
1.14934
-0.0940314
-0.0814177
0.17845
0.832537
0.801993
0.31118
-0.045409
0.0144296
-0.140132
-0.0968551
-0.667756
-0.495673
-0.191815
-0.042832
-0.366229
-0.434174
-0.210888
-0.098483
1.47388
-1.27124
-1.68528
-0.851175
-0.737145
-0.265696
1.4414
2.20774
2.17274
1.74014
-1.30398
-1.65836
-1.05449
-0.575721
-0.00936194
2.25752
2.40478
2.30162
-0.482855
-1.37045
-1.33212
-0.648516
-0.57954
-0.369364
-0.390987
-0.378159
-0.0971434
0.00970551
-0.762274
-0.554458
-0.0594082
-0.171176
0.0105944
0.315129
0.213707
0.217436
1.66417
-1.22172
-1.77665
-1.50803
-0.798014
-0.290308
1.79859
2.13874
2.08499
1.08433
-0.330142
-1.20541
-1.57611
-1.19956
-0.906271
0.945719
1.50347
1.2983
-0.178475
-0.76715
-1.24876
-0.82949
-0.563997
-0.357079
0.230121
0.542709
-0.114752
0.47076
-0.109394
-0.963887
-0.773556
-0.320251
-0.0373713
1.11241
1.30726
0.479954
-0.715122
-0.195781
1.59226
2.21734
1.32999
-1.21046
-1.80133
-1.19983
-0.849047
-0.503394
0.229647
1.96336
1.75997
0.228006
-1.74163
-1.82248
-1.72045
-0.656921
-1.16747
-0.896422
0.128352
2.05126
1.84569
0.257044
-1.63501
-1.3084
-1.27517
-1.103
-0.81487
0.875582
1.61765
1.20242
-0.00651623
-1.6534
-1.6836
-1.09579
-0.819645
-0.8139
0.904933
1.63571
0.820781
0.89983
-1.26634
-1.42667
-0.566441
-1.23528
-1.07191
-0.453989
0.652585
1.93393
1.54249
-0.356012
-1.22858
-0.933239
-1.18832
-1.09433
-0.401938
0.814197
1.6099
0.948495
-1.15554
-1.32196
-0.84422
-1.3909
-1.15282
-1.01506
-0.21702
1.42512
1.26924
0.492619
-0.952823
-1.04791
-1.18294
-0.944562
-0.385144
0.788869
1.2921
0.890061
-0.467757
-0.777087
-0.861675
-0.368128
0.0390113
0.520847
1.60554
1.51902
0.93948
-0.14539
-0.0704145
-0.227796
-1.24497
-1.02959
-0.914077
-0.193428
0.418804
0.746127
0.309739
-0.529795
-0.949024
0.469474
0.739785
0.251738
0.787157
0.879982
0.590179
0.490076
0.188
0.286016
0.074196
0.394389
0.820958
1.24954
0.446899
-0.296358
-0.143678
0.0685665
0.0976467
-0.0723276
0.421483
0.788894
0.651648
0.0386541
-0.802397
-0.401612
-0.130883
-0.224972
1.28846
1.38046
1.22922
0.471253
-0.419819
-0.624415
-0.409375
0.205101
0.89126
1.2513
1.34923
1.3129
-0.241677
-1.5107
-1.59537
-1.02586
-0.169071
0.548894
0.103281
0.372541
0.476798
0.59116
0.328011
-0.274482
0.117297
0.321592
0.267608
0.533747
-0.270159
-0.961144
-1.07009
-1.1059
-0.813862
-0.381086
0.371247
1.03551
1.11364
1.51182
1.15019
0.324987
-0.426576
-0.409436
0.0413559
0.267851
0.603394
0.624431
0.744865
0.380128
-0.196926
-0.534992
0.29112
0.618851
1.01784
1.05701
0.222461
-0.517415
-0.832597
-0.613673
-0.989219
-0.780612
-0.267245
0.18029
0.934897
-0.435954
0.0379306
0.360452
0.690787
0.180642
-0.572713
-0.636785
-0.470019
-0.381822
0.38064
0.251955
0.161188
0.398805
0.0333388
0.107631
0.728663
1.25816
1.51982
-0.415052
-0.0982924
0.383819
0.49935
0.315809
0.480383
0.0741938
0.130785
-0.0980205
-0.432653
0.202398
0.32602
0.920436
0.632834
-0.0828346
-0.469785
-0.175011
-0.810424
-0.776608
-0.758953
-0.751186
-0.360313
0.389289
0.69581
0.852211
0.763215
-0.614817
-0.580873
0.140116
0.618731
0.795189
0.669638
0.718134
0.145225
0.0294461
-0.498632
-1.05013
-0.538811
-0.444432
-0.0640936
0.523547
1.06271
0.746635
0.413346
-0.677403
-1.20427
-1.00748
-0.213867
2.00143
1.97524
0.615973
-1.31257
-1.24214
-1.19265
-1.41306
-1.2343
-0.372358
1.37778
1.29779
0.445421
-0.972147
-1.47278
-1.2315
-1.39335
-1.09893
-0.741557
1.3123
1.92637
1.13415
0.205355
-1.00186
-1.28599
-1.39878
-1.27753
-0.51472
1.04812
1.19394
0.576994
0.217851
-1.08235
-1.14846
-1.19569
-1.17029
-0.650821
0.406399
1.05547
0.314405
-0.664458
-1.00182
-0.922127
-0.957691
-0.827869
-0.49688
0.107946
0.767209
0.851092
0.46944
-0.7095
-0.751134
-0.885998
-0.68281
0.225065
1.50129
1.04639
0.608668
-0.851726
-0.737012
-0.696266
-0.0180308
0.605851
1.53929
1.36948
0.621151
-0.11023
-0.904557
-0.929466
-0.350236
-0.676098
-0.596358
-0.606636
-0.440841
-0.673588
-0.139398
-0.187247
-0.451308
-0.501551
0.525989
0.771696
0.635577
0.519644
-0.0503976
0.0900869
0.385341
0.541187
0.2613
0.111795
0.273915
0.839662
0.681357
-0.517445
-0.839457
-0.979063
-0.619526
0.00935819
0.52122
0.679903
1.04411
0.986467
-0.207526
-0.064369
0.288796
0.692876
0.571559
1.70523
1.9085
1.34663
0.389003
-0.70418
-0.586854
0.0154443
1.16173
0.860089
1.0559
1.70781
0.675683
-1.15989
-2.18738
-1.87626
-0.828602
0.344723
0.763401
0.557026
0.530208
0.437236
0.1252
-0.740443
-0.0525971
0.940858
1.21407
0.882631
-0.159446
-0.615857
-1.42354
-1.93194
-2.11782
-0.939395
0.545103
1.22986
0.831838
1.0323
1.45741
0.527969
-0.697611
-0.472641
0.347305
0.175104
0.254332
0.551001
-0.491749
-0.016235
0.402609
0.189372
0.326355
1.61047
0.833397
0.138536
-0.477697
-0.0867821
-0.325424
-1.40611
-1.06536
-0.531298
0.612813
0.792924
1.56635
1.04663
-0.408767
-0.137739
-0.931011
-0.141441
0.203582
1.59622
1.16105
0.462503
-0.380164
-0.799985
-0.426328
-0.300339
0.171962
0.293578
1.06594
0.589839
0.0122314
-0.584174
-0.655858
-0.46478
-0.397984
0.723747
0.373489
1.01028
0.0872628
-0.278543
-0.628004
-0.644365
-0.440153
-0.567636
0.160392
0.608722
1.67059
0.638847
-0.154186
-0.801388
-1.00051
-0.849086
-0.929449
0.71287
0.597028
1.43035
0.262343
-0.385184
-0.732439
-0.613184
-0.413703
-0.421648
1.03142
0.919023
0.720818
-0.446337
-0.563258
-0.534881
-0.954931
-0.791889
-0.900509
0.356763
1.25294
0.889589
-0.355143
-0.580991
-0.822553
-0.933332
-0.786983
-0.826859
0.975125
0.853379
1.19973
-0.493208
-0.932809
-0.963763
-1.51084
-0.991148
-0.749997
1.02169
0.972749
0.365067
-1.03989
-1.31635
-1.60543
-1.2403
-1.26462
-0.91862
-0.102681
1.34776
1.2376
0.624137
-0.855909
-1.03194
-0.791319
-0.756746
-0.627163
-0.104609
0.725991
0.629106
0.88935
-0.722142
-0.806882
-0.89158
-0.652862
-0.637431
-0.514732
0.152179
1.17389
1.08839
0.166806
-1.21614
-0.781693
-0.569592
-0.596445
-0.620509
-0.267011
0.62737
0.923796
0.0874661
-1.19857
-0.617929
-0.542995
-0.27325
1.05381
0.761037
0.0784496
-0.647357
-0.804786
-0.628156
-0.473798
-0.200244
0.557106
1.73943
0.912668
-0.857003
-1.36117
-1.2809
-0.723953
-0.629134
-0.476158
-0.34251
1.61004
0.690423
0.615179
1.01136
-0.825282
-0.892656
-0.713494
-0.543311
-0.124924
1.92453
0.945204
-0.768295
-1.04887
-1.15723
-0.949774
-0.451411
-0.207431
0.518865
1.40995
0.791707
-0.837629
-1.37852
-1.06043
-0.613477
-0.299192
-0.0953838
0.720117
0.882307
0.260429
-0.247381
-0.360986
0.0980989
-0.144765
-0.927753
-0.640373
0.109487
1.61049
1.23067
-0.343853
-1.45052
-1.06631
-1.01708
-0.954985
-0.482643
0.452171
1.02805
0.91031
0.634494
-0.218737
-0.466602
-0.909309
-0.082469
-0.374638
-0.0371327
0.154289
0.104644
0.646169
1.19549
1.18992
0.61226
-0.914476
-1.4023
-1.44272
-1.50955
-0.986928
0.287094
0.967159
1.14782
0.540558
-0.448982
-0.196658
0.295363
0.821867
0.889924
1.15827
1.20293
0.399766
-0.192494
-0.810433
-1.19624
-1.08819
-0.232455
-0.00252064
0.183498
0.404745
0.0276932
-0.483866
-0.196176
-0.830068
-0.985438
-0.963736
-0.185607
0.797657
1.28615
1.53214
1.11957
0.811954
0.331291
-0.504527
-0.327723
0.634468
1.22629
1.05337
1.09605
0.687314
-0.0836108
-0.804914
-0.779576
-0.128172
0.050883
0.0450346
0.133709
0.495733
0.146378
0.713497
-0.258248
-0.720056
-0.480211
-0.134657
-0.220738
-0.0148451
0.36622
0.47187
0.595067
-0.129917
-0.902422
-0.546985
0.792394
1.58953
0.616992
0.28571
0.153028
-0.491858
-0.848184
-1.25487
-0.0667625
0.678632
1.5517
0.929339
0.0322943
-0.165657
0.522196
-0.650975
-1.42341
-1.34142
-0.260367
0.339946
0.366682
0.408528
0.459823
-0.162068
-0.891536
-1.43668
-1.18434
0.60134
1.24913
1.80954
1.56576
0.39581
-0.445148
-0.496681
-0.76147
0.656568
0.742967
1.4246
0.53703
-0.315829
-0.52868
-0.968481
-0.526322
-0.343736
0.852969
0.834259
0.326481
-0.731565
-1.14656
-1.17243
-0.498772
-0.7791
-1.0277
-0.136309
0.789449
1.23374
1.43766
1.10316
-0.0701324
-0.686291
-0.5281
-0.71091
0.0480916
0.518063
-0.0879073
-0.430677
-0.9221
-0.840231
-0.478439
-0.407995
-0.399461
-0.352605
-0.214487
0.620317
0.909953
0.441222
-0.712615
-0.588552
-0.369441
-0.227599
0.0324489
0.00229515
0.388346
0.647687
0.183815
-0.965241
-0.417944
-0.341
-0.237299
0.00941068
0.306204
0.472861
0.688336
-0.506637
-0.544544
-0.527414
-0.21867
0.331574
1.18268
0.747903
0.0888794
0.487138
-0.722823
-0.783599
-0.668228
-0.381862
-0.0557655
1.63242
0.296441
0.163247
0.888848
-0.779513
-1.06454
-0.82046
-0.593035
0.0686956
1.53648
0.636902
-0.0983975
-0.144919
-0.696628
-0.919049
-0.566513
-0.192537
0.271943
1.07683
0.272746
-0.195789
0.104076
-0.463823
-0.813226
-0.409751
-0.381416
0.0610647
1.29308
0.175801
0.153341
0.658648
0.863314
0.317911
-1.08958
-0.788799
-0.114529
1.49261
1.19981
-0.216825
-1.26914
-0.940373
-1.0356
-1.09443
-0.641877
0.456689
1.12689
0.985744
0.341488
-0.614707
-0.745437
-0.97411
-0.668219
-0.8072
-0.19284
0.904123
1.13192
0.181201
-0.476635
0.0812775
-0.0396325
0.553368
0.109552
0.647659
1.29038
1.15194
0.30826
-0.49607
-0.406586
0.366087
-0.373061
-0.120843
0.822889
1.1227
0.953657
0.386277
-0.0278957
-0.0874347
-0.22202
-0.694712
-0.832048
-0.572853
-0.339112
-0.340216
-0.270168
-0.680534
-0.52606
-0.550346
1.01848
0.646355
0.999909
1.30457
0.762105
-0.244111
-0.274622
0.319106
1.14082
0.423395
-0.281802
0.0413471
-0.125646
-0.17833
-1.03659
-0.992003
-0.43197
0.0599663
-0.0443994
-0.218799
-0.0392355
0.352045
0.213235
0.379926
-0.425837
-0.00674742
-0.0294552
0.00911767
-0.450965
-0.654062
-0.285094
0.116166
-0.0336226
-0.140961
0.333843
0.28362
0.90842
0.696763
0.670549
0.546937
0.446599
-0.133142
-0.665083
-0.212893
0.496883
1.07715
0.581028
0.0696795
-0.521584
-0.726951
-1.02814
-0.96058
-0.146241
1.07833
-0.15292
-0.777549
-1.27117
-1.1899
-0.530112
0.127487
0.543913
0.549843
0.247311
-0.178486
-0.539195
-0.949479
-0.789635
0.226721
0.768668
1.68851
1.76685
0.569012
1.16103
0.334299
-0.753043
-1.45147
-1.36104
-1.14764
-0.896627
0.0991037
1.38589
1.33961
1.21312
0.47204
-0.729479
-0.763551
-0.232829
0.380772
1.16627
1.4473
-0.858453
-0.60777
-0.565978
-0.151574
0.265963
0.507447
1.02058
1.00523
-0.308577
-0.69237
-0.465424
-1.20534
-0.785198
-0.435597
0.235822
0.117461
-0.2461
-0.575231
0.782009
1.22054
0.445022
-0.152662
-0.340929
0.226676
0.933476
0.812913
0.934522
1.07562
0.908234
-0.703968
-0.632729
-0.596336
0.751052
1.17122
0.85427
1.11258
-0.472687
-0.363339
-0.319595
-0.243463
-0.174535
-0.278972
-0.277075
-0.731221
-0.517643
-0.650443
-0.421186
-0.176847
0.203674
0.281001
0.157111
0.0765512
-0.219212
-0.447726
1.68058
0.489269
-0.602483
-0.503148
-0.199746
-0.891613
-0.744775
-0.523092
1.46729
1.41222
1.07627
0.31296
-0.727144
-0.274956
-0.614403
-0.374613
-0.123204
0.856995
-0.701081
-0.345038
-0.166295
-0.116752
-0.734618
-1.02147
-0.894133
-0.495509
-0.458313
-0.516828
-0.236147
-0.153448
-0.2007
-0.669044
-0.684409
-0.602681
0.362674
0.544773
1.36901
1.2383
0.801539
-0.572381
-0.742738
-1.35973
-1.20508
-0.508004
0.926261
1.47016
1.83159
1.90705
0.088162
0.210339
-0.427642
-0.806548
-0.118333
0.86653
-0.529559
-0.0947831
-0.0509565
0.00166412
0.0512564
-0.302511
-0.553449
0.180755
0.12635
0.643524
0.425905
0.395813
0.316494
0.154829
-0.382107
-0.419448
0.399334
0.684451
0.808018
1.01973
1.3784
0.186471
0.159377
-0.105714
-0.659297
-0.367625
0.46392
0.826806
0.877911
1.11908
0.0218332
-0.654771
-0.974934
-0.489242
0.321967
0.725268
1.03258
0.599571
0.583162
0.351761
-0.124285
-0.784877
-0.559116
0.65442
1.37875
0.253076
-0.164336
0.179705
-0.241048
-0.958359
-1.49805
-1.36001
-0.317686
0.0702156
1.20236
1.21429
1.2479
0.107775
-0.617729
-0.979848
-0.566936
0.426614
1.15461
1.0796
0.765348
0.856361
-0.930375
-1.46939
-1.39292
-1.31223
-0.301195
0.846176
0.774167
0.600338
0.537109
-0.434987
-0.803224
-1.49671
-1.75272
-0.826134
0.2499
1.45176
1.03496
-0.0965395
-1.08277
-1.2778
-2.01571
-1.94839
-1.28368
1.08604
1.52537
1.53038
1.62062
-0.406483
-0.966236
-1.18684
-1.30266
-0.416082
1.23105
1.63755
1.28426
0.778021
-0.434379
-0.946957
-1.46478
-1.54252
-0.808041
1.45237
1.62209
1.12287
-0.277785
-1.14915
-1.17508
-1.60664
-2.22409
-0.78786
1.48171
1.98974
1.99019
0.554729
-1.16386
-1.39114
-1.01044
-1.42216
0.138024
1.86739
1.78055
1.31432
0.211497
-0.61342
-1.02023
-1.57279
-1.73699
-0.660264
1.6645
1.7894
1.30752
-0.0875382
-1.32108
-1.94494
-1.79575
-1.44192
-0.129626
1.83008
1.54282
1.33611
-0.0796416
-1.285
-1.36544
-0.25942
0.634658
0.439499
1.4158
1.57422
0.767031
-1.25815
-1.64885
-1.62819
0.808036
1.49005
1.27812
1.59844
0.540249
0.324952
-1.18124
-2.0337
-2.32175
-0.655102
0.00262165
0.427221
0.867832
0.301584
-0.409812
-1.78373
-1.87804
-1.79219
0.64774
1.44878
1.6215
1.13091
-0.584726
